20161209
20161212
20161213
20161214
20161215
20161216
20161219
20161220
20161221
20161222
20161223
20161226
20161227
20161228
20161229
20161230
20170103
20170104
20170105
20170106
20170109
20170110
20170111
20170112
20170113
20170116
20170117
20170118
20170119
20170120
20170123
20170124
20170125
20170126
20170203
20170206
20170207
20170208
20170209
20170210
20170213
20170214
20170215
20170216
20170217
20170220
20170221
20170222
20170223
20170224
20170227
20170228
20170301
20170302
20170303
20170306
20170307
20170308
20170309
20170310
20170313
20170314
20170315
20170316
20170317
20170320
20170321
20170322
20170323
20170324
20170327
20170328
20170329
20170330
20170331
20170405
20170406
20170407
20170410
20170411
20170412
20170413
20170414
20170417
20170418
20170419
20170420
20170421
20170424
20170425
20170426
20170427
20170428
20170502
20170503
20170504
20170505
20170508
20170509
20170510
20170511
20170512
20170515
20170516
20170517
20170518
20170519
20170522
20170523
20170524
20170525
20170526
20170531
20170601
20170602
20170605
20170606
20170607
20170608
20170609
20170612
20170613
20170614
20170615
20170616
20170619
20170620
20170621
20170622
20170623
20170626
20170627
20170628
20170629
20170630
20170703
20170704
20170705
20170706
20170707
20170710
20170711
20170712
20170713
20170714
20170717
20170718
20170719
20170720
20170721
20170724
20170725
20170726
20170727
20170728
20170731
20170801
20170802
20170803
20170804
20170807
20170808
20170809
20170810
20170811
20170814
20170815
20170816
20170817
20170818
20170821
20170822
20170823
20170824
20170825
20170828
20170829
20170830
20170831
20170901
20170904
20170905
20170906
20170907
20170908
20170911
20170912
20170913
20170914
20170915
20170918
20170919
20170920
20170921
20170922
20170925
20170926
20170927
20170928
20170929
20171009
20171010
20171011
20171012
20171013
20171016
20171017
20171018
20171019
20171020
20171023
20171024
20171025
20171026
20171027
20171030
20171031
20171101
20171102
20171103
20171106
20171107
20171108
20171109
20171110
20171113
20171114
20171115
20171116
20171117
20171120
20171121
20171122
20171123
20171124
20171127
20171128
20171129
20171130
20171201
20171204
20171205
20171206
20171207
20171208
20171211
20171212
20171213
20171214
20171215
20171218
20171219
20171220
20171221
20171222
20171225
20171226
20171227
20171228
20171229
20180102
20180103
20180104
20180105
20180108
20180109
20180110
20180111
20180112
20180115
20180116
20180117
20180118
20180119
20180122
20180123
20180124
20180125
20180126
20180129
20180130
20180131
20180201
20180202
20180205
20180206
20180207
20180208
20180209
20180212
20180213
20180214
20180222
20180223
20180226
20180227
20180228
20180301
20180302
20180305
20180306
20180307
20180308
20180309
20180312
20180313
20180314
20180315
20180316
20180319
20180320
20180321
20180322
20180323
20180326
20180327
20180328
20180329
20180330
20180402
20180403
20180404
20180409
20180410
20180411
20180412
20180413
20180416
20180417
20180418
20180419
20180420
20180423
20180424
20180425
20180426
20180427
20180502
20180503
20180504
20180507
20180508
20180509
20180510
20180511
20180514
20180515
20180516
20180517
20180518
20180521
20180522
20180523
20180524
20180525
20180528
20180529
20180530
20180531
20180601
20180604
20180605
20180606
20180607
20180608
20180611
20180612
20180613
20180614
20180615
20180619
20180620
20180621
20180622
20180625
20180626
20180627
20180628
20180629
20180702
20180703
20180704
20180705
20180706
20180709
20180710
20180711
20180712
20180713
20180716
20180717
20180718
20180719
20180720
20180723
20180724
20180725
20180726
20180727
20180730
20180731
20180801
20180802
20180803
20180806
20180807
20180808
20180809
20180810
20180813
20180814
20180815
20180816
20180817
20180820
20180821
20180822
20180823
20180824
20180827
20180828
20180829
20180830
20180831
20180903
20180904
20180905
20180906
20180907
20180910
20180911
20180912
20180913
20180914
20180917
20180918
20180919
20180920
20180921
20180925
20180926
20180927
20180928
20181008
20181009
20181010
20181011
20181012
20181015
20181016
20181017
20181018
20181019
20181022
20181023
20181024
20181025
20181026
20181029
20181030
20181031
20181101
20181102
20181105
20181106
20181107
20181108
20181109
20181112
20181113
20181114
20181115
20181116
20181119
20181120
20181121
20181122
20181123
20181126
20181127
20181128
20181129
20181130
20181203
20181204
20181205
20181206
20181207
20181210
20181211
20181212
20181213
20181214
20181217
20181218
20181219
20181220
20181221
20181224
20181225
20181226
20181227
20181228
20181231
20190102
20190103
20190104
20190107
20190108
20190109
20190110
20190111
20190114
20190115
20190116
20190117
20190118
20190121
20190122
20190123
20190124
20190125
20190128
20190129
20190130
20190131
20190201
20190206
20190207
20190208
20190211
20190212
20190213
20190214
20190215
20190218
20190219
20190220
20190221
20190222
20190225
20190226
20190227
20190228
20190301
20190304
20190305
20190306
20190307
20190308
20190311
20190312
20190313
20190314
20190315
20190318
20190319
20190320
20190321
20190322
20190325
20190326
20190327
20190328
20190329
20190401
20190402
20190403
20190404
20190408
20190409
20190410
20190411
20190412
20190415
20190416
20190417
20190418
20190419
20190422
20190423
20190424
20190425
20190426
20190429
20190430
20190502
20190503
20190506
20190507
20190508
20190509
20190510
20190513
20190514
20190515
20190516
20190517
20190520
20190521
20190522
20190523
20190524
20190527
20190528
20190529
20190530
20190531
20190603
20190604
20190605
20190606
20190610
20190611
20190612
20190613
20190614
20190617
20190618
20190619
20190620
20190621
20190624
20190625
20190626
20190627
20190628
20190701
20190702
20190703
20190704
20190705
20190708
20190709
20190710
20190711
20190712
20190715
20190716
20190717
20190718
20190719
20190722
20190723
20190724
20190725
20190726
20190729
20190730
20190731
20190801
20190802
20190805
20190806
20190807
20190808
20190809
20190812
20190813
20190814
20190815
20190816
20190819
20190820
20190821
20190822
20190823
20190826
20190827
20190828
20190829
20190830
20190902
20190903
20190904
20190905
20190906
20190909
20190910
20190911
20190912
20190916
20190917
20190918
20190919
20190920
20190923
20190924
20190925
20190926
20190927
20190930
20191002
20191003
20191004
20191007
20191008
20191009
20191010
20191011
20191014
20191015
20191016
20191017
20191018
20191021
20191022
20191023
20191024
20191025
20191028
20191029
20191030
20191031
20191101
20191104
20191105
20191106
20191107
20191108
20191111
20191112
20191113
20191114
20191115
20191118
20191119
20191120
20191121
20191122
20191125
20191126
20191127
20191128
20191129
20191202
20191203
20191204
20191205
20191206
20191209
20191210
20191211
20191212
20191213
20191216
20191217
20191218
20191219
20191220
20191223
20191224
20191225
20191226
20191227
20191230
20191231
20200102
20200103
20200106
20200107
20200108
20200109
